2057922907
945018950
1691740265
1097787894
327090082
1775662203
2062799865
150152747
389485842
1509537315
560724263
500106352
1267074434
1721005368
1527043506
1370639657
2107437409
1916059220
134536895
694999234
778760694
2029694959
1060781490
365920341
922114446
1238738311
47156311
594476991
1777155633
1983119032
809495432
1687594893
780654334
353752049
637899139
1107744417
2129414252
553215356
1257897164
371416447
2062752671
1818621427
871522799
1182343457
1392143148
251082658
405499466
1352096909
19658230
540036361
2047096143
798418924
422247672
960393985
1164339266
1344362118
51648648
1211495577
1938839109
1828804282
1047130961
600850894
1368915527
1827785295
954602943
2006814666
788046064
936533548
412546374
2045943228
1307949995
327815397
1717081008
31989146
1510158854
961740508
283071804
1915658320
166353769
302730035
308211033
65966264
1101148959
730458705
1026360249
118004577
2074820823
1078008898
1329500154
1866176285
759329532
229147467
319543531
2128245059
2056932763
1274146474
1987576077
697495179
63196374
252638803
595954760
1371146369
580454200
165552120
1403135516
2090613054
1127292628
1686207320
1858787726
1293646397
1988937355
19515111
1359612661
942602667
749973816
238489262
1060607244
677310991
1316498160
242623751
396003628
2075827692
471771218
715547159
2056589103
381220333
1989693634
1896681532
1078715513
2052890008
1836687
1674670273
1276552730
582290887
1840222393
532204598
525420293
820031373
70928270
236724371
2113677770
2059865626
256239482
1325806783
854984645
1006213298
1564296045
1915591889
1683524290
733310558
10731992
2079527918
661654602
482503211
647591430
570760058
863723544
489801416
319957942
1942439057
395207776
321794630
1469625682
1671760506
904085517
1162364427
56481456
1429505811
1982395800
127409727
1666230182
1948589922
39791705
1922469665
1126913057
894776350
781199315
543725455
662884591
317239957
1277036013
673616584
249284228
1938690615
1156119795
896875658
361967025
2019843339
1386677074
681924968
1814798749
1781884850
1003719598
1136940783
1306161709
1907805115
151821563
1362643165
1189827278
2134217363
1490052892
708573813
1935323638
1529844597
483559830
914753047
277137299
1264759145
1458478502
940021891
1581999103
588030867
1613638475
1831283331
379237835
622274622
580675341
741204860
494634313
1967352415
1423129828
161949414
1601753617
279365778
1298890198
760431678
39687246
1450711761
2123074844
1229514524
1437445476
1465644088
1938088337
1225285466
848005038
274164519
2140038514
1125142337
1538923665
1451033368
2065164228
973439120
2039064236
1531319055
657238803
270818423
6110029
1237914144
1012023283
500744343
1057782911
287669464
662693757
512052880
567035242
1961583955
1272484559
606722488
1264812068
1248075755
1836237013
554773897
566236195
1626841702
1780059363
1414241233
1901006222
1772614229
391899923
1292446239
1076163950
309580503
118401711
967744538
1840899559
775640514
1238562961
1847009588
2013554658
103102596
200270283
923853921
390772060
862964041
1435906801
957807303
677064348
560907712
1564529791
1941876417
1808983467
1253283156
349166666
227736015
732641211
2129226029
1641977248
486163785
1754356611
2033877171
1778610024
683036913
195974027
1897011735
1650781451
2036873586
525168601
741860764
1736399526
391239611
844963360
1936669810
1315093532
1235735421
652150203
603516685
46059076
1329214551
1164424398
1610588867
1123607320
825924217
716388376
1472773986
1053660232
1449029587
1454516368
548153833
1935193372
1061389331
434547356
1566319748
1744426244
630521383
1315847835
1247724047
519911321
1841016436
1989584811
108827200
84772399
687064523
2045497010
1399865931
1922799944
550163565
2003382616
1968859020
1879378116
1020323366
1431964240
855501789
1846247584
868968
180792127
752424168
1449898555
1635308495
1300578001
1237608279
549214178
1735125358
656444379
146156774
218163093
1972292214
1393880821
738074415
1665825002
1235981984
846901615
1750597401
1923046508
744914977
1002979684
1698362804
1295078542
858878652
1519738177
1026973010
1879202019
804218769
1882474799
1577965955
805087737
2063266927
182906475
107502644
1551091774
1483484477
1345110923
2100305953
1071126187
2001555302
98979079
1289289280
1826363868
1492859901
2027363695
1344705222
581358237
726781662
947818975
356921097
1471696639
1950798659
2055283902
619291533
662193663
1427538431
1646264544
393912034
84273552
1381255695
1971877989
889361289
1297038974
7300817
996863933
700647101
1490785294
194491208
653469406
414427833
48562862
752448485
1703717113
1874926730
97824738
1583597161
1072148304
679182976
162895175
2019967279
1036104073
1634591815
1823282290
943904327
106399700
337992305
223959110
1752664244
731904340
308232662
986436292
556298681
1197593951
135991618
563599498
46974236
836638719
2054384792
241465444
1490108125
321328977
290028306
95072963
2025046091
17471388
192897701
1461159604
1089619692
872080677
1624054779
962103323
1908184751
1111162946
637901965
704605430
1217562647
975894271
928564541
822743243
1707798611
1236797203
1809179535
116613644
286907507
1945171154
680213143
333881743
634326225
587114287
575347188
2124434351
908443265
865375494
72023666
786005708
882846883
264921367
99681664
1972466575
1137002045
1723736443
787086251
897703148
687415742
1424988216
1602308578
1904978389
253398839
383389471
580237984
1961197450
1620186675
241933872
2077811095
1907094182
39621378
610540590
93492277
673947603
1197654877
668839465
650898306
2106098142
1534214960
722921972
744620202
269578195
987843340
844301866
94561122
2124845385
420554662
881647373
875064885
1107970404
159151942
329889815
865465145
412550781
713279287
1445703129
226264584
185982314
1687637001
156592031
2093076496
1727258379
767132621
39085125
253722335
1964787498
707924591
904620641
1923401993
94655903
1627542614
520538547
364234098
467902306
1364840414
458795220
445264043
1785395076
1340442594
1320328928
745881832
1499594536
1650218743
1611346977
1912145317
216014382
909566458
2138409901
401996696
449719812
147518284
347589544
29494543
914650905
386674670
283216878
731954756
1094599261
1187837520
507873101
1189255164
667896486
1028411648
1553489262
1135798792
245768414
2012284482
1581062835
2031163490
1205243428
753908115
629561674
557354316
256643210
93425003
322015986
472657593
1002991462
312942239
874654289
1452711274
460460524
1222243834
1482205817
1375111429
1608918504
1765422696
2107066185
556034117
805776568
467455638
1745289281
1473673054
1495867287
1151294895
461988198
1741635701
1016095729
2043051033
1625315544
73855510
649475500
107393570
631209826
906118710
200818574
953225812
1378776303
1203810036
1266168052
105946945
509037662
1726628576
1328190779
1991243479
954256357
789625635
1609182527
913838895
1345659752
267475447
1381294533
943465385
1741148501
729678172
2094760280
55653051
323830226
963372361
2098704084
1949145770
1037227871
600695936
2056539340
1668437698
1506814647
109874266
474179862
738107302
1313684302
1740347914
844054247
1822721964
1319492842
24761378
1666481796
126265552
814387013
1128180675
1040104447
12563117
1395656123
273915332
956028502
989320976
1003593505
903305134
1044974028
1327423731
1866677496
996194464
1129085853
756421719
1596890401
1038141545
277375769
956221400
1148015812
751555632
1694328702
314216466
344419898
390899302
2136938431
1663912741
415660680
1655936579
1790178293
1230047694
636633606
682799092
1242610811
2032289729
956714424
51155666
874127058
1960307929
954460800
1919101086
1140248012
673654648
767811902
121850217
1430076368
217218655
1159991763
1707452137
1173440055
160523927
311524121
720285110
474740393
655944020
1111184412
464195176
172373113
1526845092
2120131755
1962551406
609409138
609281714
497866850
1852019950
494087795
1454581274
1903175616
1368214853
1267405556
710152768
1139832291
260169920
1383807417
1907644194
382020138
666400137
2124862849
1542011901
226368626
1150819257
1702535828
537892748
1871104367
29792573
1193836768
834805131
493987750
1366209881
214166575
466635857
1181277639
823575714
1075917571
1679144489
528112016
1570005367
986242115
283803984
790736572
106164023
993956752
1930568864
366333944
230280521
1690729410
748354082
896680658
1668108611
142882335
1123049285
671444220
1845418163
1660942033
395064939
1875210736
707295153
1229870070
221714838
2073505034
1444036646
688350696
1107299025
120128712
1764268267
638959866
648240728
1186789986
1625201981
932044712
1977526559
1731366005
1926001464
1760611775
2097699949
8798338
1303857537
698570383
905478996
824482500
841452718
2028528281
1495926721
539387233
1541986666
1890991660
267114321
101798171
973378083
488829160
27819557
269931081
1177179856
1135118582
390059793
793964475
1774078448
1038300521
1980754462
1251796782
1970345233
1810797373
835679139
1748863049
1423925500
785895440
1757661387
580299389
1484465823
515656736
1404781889
178434893
396701369
753224962
717822126
1938688036
496732975
984936447
2040486207
1470111058
1473765607
2068305765
1740042139
503461815
1055940699
2130101932
1297426291
682535500
1020918805
1130697105
1934332282
843780390
794010830
622527773
445159791
70452682
1408423213
55337531
650752071
745405388
570994267
2055533960
923840281
967695636
661275275
1641662407
758900024
1158008250
479115206
651902584
480635660
1952880814
572724701
73194151
308858981
1628665400
55812435
1606285272
163717252
1076731240
589498729
2098049534
1920511630
1383509559
573093659
218187773
1453962241
1981516872
273525304
2104714312
579438612
844519571
2012764625
1503278893
1812215208
526556252
997457652
423631584
1684564502
1476572859
1075534168
17716514
1281970025
1648258869
90910665
1590829006
1129440622
146723100
1049630631
1293157874
1223454340
1639129360
1243723761
996482322
875155272
1816817420
1214670095
181633865
1650850645
1488195400
138864530
82805609
185231323
4145507
1586084503
1997446531
530701759
436058507
273594468
67782613
1912631366
1349128636
85499127
1047117743
849903858
176409792
490463102
1979344480
323132892
1540093733
1125018706
1546587232
1031739445
221258819
395585906
1906894717
2038076240
1610256001
2088528583
1541443237
950967753
79909465
1624248846
1136199077
84054972
1062849701
986161960
614756731
1498908209
1259756428
682539344
1264055927
461401417
768038471
163690023
1311305275
944448263
654153125
1143166107
1267581155
46763210
120701165
666684739
1078502655
341959985
1062270645
837913725
232552577
525042998
778958660
1773995814
1476010752
858868125
1250761012
464726181
942923097
166127066
1450888141
1557679828
1665035275
563160922
92735524
781607554
