723 1854
691 2166
770 Infinite
688 2475
718 Infinite
738 2182
711 2090
680 2555
711 2060
691 Infinite
724 2577
691 2356
716 2656
697 2080
784 Infinite
779 2365
716 1908
677 2148
754 1916
703 Infinite
748 Infinite
706 2817
752 Infinite
707 3518
699 2068
726 2671
757 2437
717 Infinite
699 Infinite
808 2314
744 2448
732 3088
767 2428
730 Infinite
693 Infinite
719 Infinite
735 Infinite
704 Infinite
731 Infinite
685 Infinite
696 2516
757 Infinite
708 3218
736 Infinite
749 1777
716 2498
693 2999
696 2018
717 2489
734 Infinite
690 1913
736 2364
749 Infinite
669 2268
660 Infinite
706 Infinite
696 Infinite
713 Infinite
729 2625
756 2525
727 2195
711 2175
721 2272
724 2360
718 Infinite
794 2490
715 Infinite
714 2237
759 Infinite
677 2690
720 Infinite
715 Infinite
705 Infinite
709 Infinite
678 2468
727 1904
678 Infinite
742 Infinite
718 Infinite
693 2660
694 Infinite
682 2271
775 Infinite
730 Infinite
755 2313
787 Infinite
734 1866
680 Infinite
721 Infinite
688 Infinite
720 2063
720 Infinite
701 Infinite
706 3701
711 Infinite
731 Infinite
714 2193
758 Infinite
741 Infinite
750 2820
