375 Infinite
405 Infinite
416 Infinite
392 Infinite
394 Infinite
381 1123
392 Infinite
406 Infinite
411 1135
391 1036
380 Infinite
394 790
395 1190
383 922
421 Infinite
431 1030
395 Infinite
362 Infinite
388 Infinite
397 Infinite
410 1246
435 Infinite
413 1125
381 Infinite
428 1745
366 Infinite
392 1029
393 1433
386 1125
372 1130
374 1305
403 1146
378 Infinite
402 Infinite
365 1164
387 Infinite
388 911
394 Infinite
401 1298
432 1173
415 1046
419 1044
417 1387
393 978
382 906
399 Infinite
374 Infinite
417 1061
385 Infinite
405 1142
393 Infinite
411 Infinite
391 Infinite
422 Infinite
416 926
388 1276
401 755
394 2756
408 Infinite
404 Infinite
430 1576
379 1127
367 Infinite
373 1086
406 Infinite
414 Infinite
418 Infinite
379 Infinite
395 1141
390 Infinite
426 Infinite
379 922
413 826
374 1414
374 Infinite
402 Infinite
399 Infinite
395 1634
391 1372
411 1229
393 Infinite
354 1058
403 Infinite
395 903
397 Infinite
422 1003
384 1378
378 Infinite
418 1070
384 981
384 906
439 808
361 1056
420 1477
417 1285
383 Infinite
368 1184
391 Infinite
375 837
446 Infinite
