638 Infinite
640 Infinite
588 1663
671 1526
607 Infinite
589 Infinite
580 Infinite
594 1679
604 Infinite
588 Infinite
637 Infinite
611 1564
596 1989
619 Infinite
615 1962
595 2190
594 Infinite
569 Infinite
604 1963
644 1739
591 1697
619 Infinite
595 1867
592 1974
626 2432
641 Infinite
664 3122
637 Infinite
600 Infinite
591 Infinite
604 Infinite
592 Infinite
619 Infinite
600 1521
601 2123
608 Infinite
639 Infinite
620 1456
618 Infinite
604 1536
593 Infinite
656 1569
589 2222
575 1935
645 2439
579 Infinite
577 2254
576 Infinite
679 Infinite
595 Infinite
604 2327
582 Infinite
565 1732
607 Infinite
602 1836
617 1985
594 Infinite
671 2116
587 Infinite
642 3433
633 1718
582 Infinite
604 2286
609 1901
607 2700
577 1944
638 2484
609 1977
591 Infinite
649 2031
660 2110
638 Infinite
572 2380
629 Infinite
621 1712
618 1691
631 2206
577 1930
642 1750
587 2338
618 1957
608 Infinite
632 Infinite
611 Infinite
588 Infinite
599 2509
590 1903
587 2405
597 2178
614 1522
601 Infinite
590 2106
607 Infinite
616 1578
597 2081
595 Infinite
599 1952
592 Infinite
601 1741
620 Infinite
