1137 Infinite
1093 Infinite
1123 5091
1091 3050
1164 Infinite
1104 3823
1108 4366
1202 Infinite
1229 Infinite
1171 3710
1147 3447
1119 3864
1133 4438
1154 Infinite
1105 Infinite
1193 4104
1162 Infinite
1119 4888
1145 3043
1199 Infinite
1123 Infinite
1191 Infinite
1106 3623
1126 Infinite
1127 Infinite
1151 Infinite
1089 4206
1131 Infinite
1089 3537
1118 5157
1240 Infinite
1134 Infinite
1129 5473
1103 Infinite
1214 Infinite
1152 6438
1187 Infinite
1158 4821
1073 3510
1124 3949
1177 4001
1139 3850
1149 3597
1113 3574
1093 4859
1171 Infinite
1112 3405
1098 3380
1165 Infinite
1121 Infinite
1125 Infinite
1148 3130
1145 4227
1143 Infinite
1140 Infinite
1161 4127
1171 3768
1182 Infinite
1125 3780
1102 Infinite
1133 3493
1117 3793
1088 4227
1104 Infinite
1139 3689
1111 3294
1159 Infinite
1107 3564
1083 Infinite
1079 5529
1115 3508
1165 4097
1113 Infinite
1169 4048
1132 5989
1084 4315
1132 3067
1167 Infinite
1098 Infinite
1078 3636
1137 Infinite
1104 Infinite
1114 3718
1136 Infinite
1075 4318
1110 3548
1112 3487
1156 3379
1136 Infinite
1129 Infinite
1123 3909
1114 Infinite
1132 Infinite
1204 Infinite
1141 3848
1151 Infinite
1125 Infinite
1104 Infinite
1141 3500
1097 3499
