285 Infinite
311 812
308 615
272 616
268 Infinite
274 644
289 1251
295 1446
282 912
283 Infinite
307 599
258 667
274 555
258 793
315 690
289 Infinite
280 467
284 Infinite
279 708
292 Infinite
295 594
276 683
326 647
303 Infinite
260 Infinite
277 756
307 Infinite
265 675
302 Infinite
258 977
287 Infinite
277 Infinite
291 1277
254 Infinite
285 Infinite
283 799
276 Infinite
314 Infinite
301 479
277 Infinite
253 Infinite
279 Infinite
277 879
284 Infinite
282 623
286 862
301 760
290 711
271 540
294 Infinite
293 Infinite
266 740
262 Infinite
293 650
273 557
310 649
279 769
276 Infinite
274 Infinite
267 734
292 650
275 1005
295 1061
286 692
301 659
291 Infinite
295 Infinite
258 702
283 1134
258 Infinite
299 651
271 711
289 447
273 Infinite
269 557
253 Infinite
271 Infinite
301 671
262 Infinite
292 Infinite
248 459
312 Infinite
281 945
262 Infinite
267 570
322 580
262 Infinite
269 962
266 591
295 Infinite
279 Infinite
238 647
251 644
292 Infinite
249 734
269 947
262 Infinite
257 625
287 755
289 Infinite
