149 Infinite
164 309
164 243
166 289
152 Infinite
156 502
173 226
143 288
154 333
150 Infinite
177 Infinite
172 259
151 Infinite
152 219
144 317
171 277
166 645
147 477
174 Infinite
138 527
152 272
179 376
156 374
149 340
160 284
148 233
144 Infinite
175 508
153 Infinite
155 357
161 343
171 Infinite
156 352
191 Infinite
170 271
173 415
166 303
169 Infinite
168 420
181 Infinite
158 Infinite
142 383
165 703
159 Infinite
180 318
159 Infinite
160 355
134 Infinite
183 506
159 Infinite
153 302
180 378
161 Infinite
134 256
172 Infinite
182 423
169 Infinite
148 651
170 368
167 332
152 261
163 235
159 391
174 Infinite
150 Infinite
168 337
151 262
158 465
145 254
148 240
162 244
137 Infinite
170 353
169 Infinite
159 Infinite
150 353
152 Infinite
164 498
148 390
154 373
170 299
144 332
176 332
165 254
178 Infinite
168 264
155 236
181 Infinite
149 322
157 346
148 256
149 280
175 325
140 Infinite
168 267
147 257
177 249
145 265
188 347
140 278
