816 2262
823 3018
812 2692
781 2672
817 Infinite
813 Infinite
832 2443
775 2522
824 Infinite
830 Infinite
828 Infinite
843 2280
809 2721
803 Infinite
777 2837
838 Infinite
815 Infinite
808 2863
813 2846
815 Infinite
786 1993
809 2365
822 2409
811 2588
867 Infinite
848 Infinite
812 Infinite
819 2264
805 2182
802 Infinite
781 2320
792 2637
818 Infinite
791 2545
774 2415
801 Infinite
806 2758
872 2426
794 Infinite
840 Infinite
779 4215
814 Infinite
807 2277
838 2004
865 2636
793 2520
859 Infinite
839 2413
767 Infinite
847 2415
807 Infinite
823 2635
877 Infinite
812 2637
866 Infinite
835 Infinite
813 2856
801 2376
806 2027
827 Infinite
807 2888
824 Infinite
837 Infinite
817 Infinite
825 3218
815 Infinite
851 2483
869 Infinite
833 Infinite
850 2638
812 Infinite
830 3526
812 4381
806 2237
784 2473
795 2654
821 Infinite
816 Infinite
804 Infinite
860 3068
822 Infinite
846 2985
879 Infinite
850 2613
846 2556
897 Infinite
784 2451
810 2516
816 3310
841 Infinite
812 Infinite
871 Infinite
823 3176
817 2523
843 2198
813 Infinite
856 2490
835 3203
834 Infinite
815 Infinite
