1039 Infinite
1008 3173
1000 Infinite
1061 3590
1012 3078
1023 4394
1028 3375
1043 4303
994 Infinite
1006 2857
1105 2993
1004 Infinite
1018 Infinite
1001 Infinite
1010 3343
1054 3593
1110 Infinite
1005 2753
1019 Infinite
1009 Infinite
1053 3004
1110 Infinite
1019 Infinite
1062 3485
1041 Infinite
1025 2982
1043 4415
1044 3538
1029 3525
1057 3574
1078 2759
1061 3983
1014 Infinite
1004 Infinite
1041 Infinite
1049 2663
991 3614
995 Infinite
1032 2910
1084 3384
1047 3292
995 3716
1023 3083
1011 Infinite
1022 Infinite
1054 3623
1035 Infinite
1041 Infinite
1037 4057
1101 4667
1013 3922
1051 Infinite
1032 Infinite
1021 Infinite
1068 Infinite
1009 3580
1077 Infinite
1028 3066
1008 3676
1025 3569
992 3804
1008 Infinite
1060 Infinite
1052 3826
1019 3013
1074 3287
1044 Infinite
1039 3228
1084 3231
971 Infinite
1035 Infinite
1028 3262
1079 5534
1012 7124
1011 4625
1023 5206
1020 4710
990 5990
1025 3596
1059 3425
1033 4730
1025 4313
1027 4575
1035 3203
996 Infinite
1011 3998
1011 4386
1020 3542
1025 Infinite
976 Infinite
1053 Infinite
1050 Infinite
1001 Infinite
1053 3799
1082 2843
1033 3178
1023 Infinite
1047 3133
1010 3675
985 3360
